max_range: 100.0
mean_measurement: 1.0067390980927842
measurement_error: 0.006739098092784168
num_samples: 184
outlier_count: 3
sigma_hit: 0.0008453199159379475
target_angle: 0.0
target_distance: 1.0
