max_range: 100.0
mean_measurement: 0.5007687762293512
measurement_error: 0.0007687762293512312
num_samples: 173
outlier_count: 0
sigma_hit: 0.0004216034165501431
target_angle: 0.0
target_distance: 0.5
