max_range: 100.0
mean_measurement: 1.0067446485478828
measurement_error: 0.006744648547882814
num_samples: 188
outlier_count: 4
sigma_hit: 0.0008371256661038394
target_angle: 0.0
target_distance: 1.0
